largeur : 28
hauteur : 31
%%%%%%%%%%%%%%%%%%%%%%%%%%%%%%%%%%%%%%%%%%%%%%%%%%%%%%%
9 9 9 9 9 9 9 9 9 9 9 9 9 9 9 9 9 9 9 9 9 9 9 9 9 9 9 9
9 3 1 1 1 1 3 1 1 1 1 1 3 9 9 3 1 1 1 1 1 3 1 1 1 1 3 9
9 1 9 9 9 9 1 9 9 9 9 9 1 9 9 1 9 9 9 9 9 1 9 9 9 9 1 9
9 2 9 9 9 9 1 9 9 9 9 9 1 9 9 1 9 9 9 9 9 1 9 9 9 9 2 9
9 1 9 9 9 9 1 9 9 9 9 9 1 9 9 1 9 9 9 9 9 1 9 9 9 9 1 9
9 3 1 1 1 1 3 1 1 3 1 1 3 1 1 3 1 1 3 1 1 3 1 1 1 1 3 9
9 1 9 9 9 9 1 9 9 1 9 9 9 9 9 9 9 9 1 9 9 1 9 9 9 9 1 9
9 1 9 9 9 9 1 9 9 1 9 9 9 9 9 9 9 9 1 9 9 1 9 9 9 9 1 9
9 3 1 1 1 1 3 9 9 3 1 1 3 9 9 3 1 1 3 9 9 3 1 1 1 1 3 9
9 9 9 9 9 9 1 9 9 9 9 9 0 9 9 0 9 9 9 9 9 1 9 9 9 9 9 9
9 9 9 9 9 9 1 9 9 9 9 9 0 9 9 0 9 9 9 9 9 1 9 9 9 9 9 9
9 9 9 9 9 9 1 9 9 5 0 0 5 0 0 5 0 0 5 9 9 1 9 9 9 9 9 9
9 9 9 9 9 9 1 9 9 0 9 9 9 0 0 9 9 9 0 9 9 1 9 9 9 9 9 9
9 9 9 9 9 9 1 9 9 0 9 0 0 0 0 0 0 9 0 9 9 1 9 9 9 9 9 9
0 5 0 0 0 0 3 0 0 5 9 0 0 0 0 0 0 9 5 0 0 3 0 0 0 0 5 0
9 9 9 9 9 9 1 9 9 0 9 0 0 0 0 0 0 9 0 9 9 1 9 9 9 9 9 9
9 9 9 9 9 9 1 9 9 0 9 9 9 9 9 9 9 9 0 9 9 1 9 9 9 9 9 9
9 9 9 9 9 9 1 9 9 5 0 0 0 0 0 0 0 0 5 9 9 1 9 9 9 9 9 9
9 9 9 9 9 9 1 9 9 0 9 9 9 9 9 9 9 9 0 9 9 1 9 9 9 9 9 9
9 9 9 9 9 9 1 9 9 0 9 9 9 9 9 9 9 9 0 9 9 1 9 9 9 9 9 9
9 3 1 1 1 1 3 1 1 3 1 1 3 9 9 3 1 1 3 1 1 3 1 1 1 1 3 9
9 1 9 9 9 9 1 9 9 9 9 9 1 9 9 1 9 9 9 9 9 1 9 9 9 9 1 9
9 1 9 9 9 9 1 9 9 9 9 9 1 9 9 1 9 9 9 9 9 1 9 9 9 9 1 9
9 3 1 3 9 9 3 1 1 3 1 1 3 1 0 3 1 1 3 1 1 3 9 9 3 1 3 9
9 9 9 1 9 9 1 9 9 1 9 9 9 9 9 9 9 9 1 9 9 1 9 9 1 9 9 9
9 9 9 1 9 9 1 9 9 1 9 9 9 9 9 9 9 9 1 9 9 1 9 9 1 9 9 9
9 3 1 3 1 1 3 9 9 3 1 1 3 9 9 3 1 1 3 9 9 3 1 1 3 1 3 9
9 2 9 9 9 9 9 9 9 9 9 9 1 9 9 1 9 9 9 9 9 9 9 9 9 9 2 9
9 1 9 9 9 9 9 9 9 9 9 9 1 9 9 1 9 9 9 9 9 9 9 9 9 9 1 9
9 3 1 1 1 1 1 1 1 1 1 1 3 1 1 3 1 1 1 1 1 1 1 1 1 1 3 9
9 9 9 9 9 9 9 9 9 9 9 9 9 9 9 9 9 9 9 9 9 9 9 9 9 9 9 9
PACMAN : 14 23 3 3
FANTOME_1 : 11 14 / 000 255 255
FANTOME_2 : 13 14 / 253 108 158
FANTOME_3 : 15 14 / 255 127 000
FANTOME_4 : 13 11 / 255 000 000
NID : 13 14

0=Case Vide
1=Fruit
2=Bonus
3=Fruit et choix possible
4=Bonus et choix possible
5=Case vide et choix possible
9=Obstacle

West = 7
North = 1
East = 3
South = 5

Oikake - Shadow - Akabei - Blinky - rouge
Machibuse - Speedy - Pinky - rose
Kimagure - Bashful - Oasuke - Inky - bleu
Otoboke - Pokey - Guzuta - Clyde - orange

FANTOME_1 : 11 14 / 000 255 255
FANTOME_2 : 13 14 / 253 108 158
FANTOME_3 : 15 14 / 255 127 000
FANTOME_4 : 13 11 / 255 000 000